      0/49     3.54G   0.08119   0.02531   0.03129    0.1378        84       640  0.008441   0.01957  0.001046 0.0002111    0.1043    0.0464   0.03372
      1/49     3.55G   0.06961   0.02641   0.02784    0.1239        47       640   0.04543    0.1198   0.02441  0.008155   0.09658   0.04484   0.03073
      2/49     4.54G    0.0603   0.02431   0.02652    0.1111        52       640   0.07791    0.1489   0.05596    0.0202   0.09019   0.04349   0.02996
      3/49     4.54G    0.0571   0.02393   0.02581    0.1068        30       640     0.285    0.1328   0.08688   0.02654   0.08793   0.04251   0.02932
      4/49     4.54G   0.06065   0.02328    0.0251     0.109        58       640    0.3362    0.2428    0.1486   0.05456   0.08286   0.04476   0.02828
      5/49     4.54G   0.05598   0.02532   0.02417    0.1055        86       640    0.1993    0.2263    0.1353    0.0378   0.08276   0.04271   0.02708
      6/49     4.54G   0.05551   0.02496   0.02406    0.1045        76       640     0.134    0.3951     0.182   0.05646   0.07917   0.04315   0.02597
      7/49     4.54G   0.05448   0.02416   0.02264    0.1013        43       640    0.2143    0.3776     0.242   0.07824   0.07546   0.04418   0.02524
      8/49     4.55G   0.05957   0.02358   0.02203    0.1052        93       640    0.6408    0.1561    0.1597   0.04256   0.08771   0.04201   0.02494
      9/49     4.55G   0.05903   0.02244   0.02223    0.1037        30       640    0.8705    0.1446    0.1817   0.06077   0.09023   0.04016   0.02401
     10/49     4.55G   0.05798   0.02182   0.02223     0.102       111       640    0.2579    0.2903    0.1858   0.08007   0.08881   0.04621   0.02543
     11/49     4.55G   0.05495   0.02358    0.0223    0.1008        59       640    0.2307    0.3694    0.1805   0.07161   0.08763   0.04675   0.02467
     12/49     4.55G   0.05322   0.02326   0.02185   0.09833       168       640    0.2993    0.3432    0.2587    0.1082      0.08   0.04701   0.02421
     13/49     4.55G    0.0505   0.02472   0.02065   0.09587        60       640    0.3334    0.3332    0.2962    0.1287   0.07705   0.04619   0.02314
     14/49     4.55G   0.04938   0.02408   0.01992   0.09338       112       640    0.3917    0.3424    0.3505    0.1579   0.07325   0.04863   0.02255
     15/49     4.55G    0.0472   0.02512   0.01993   0.09225        69       640    0.3798    0.4192    0.3664    0.1684   0.07113   0.04562   0.02152
     16/49     4.55G   0.04635   0.02532   0.01861   0.09028        33       640    0.4323    0.4019    0.3841    0.1581   0.07082   0.04613   0.02102
     17/49     4.55G   0.04606    0.0251   0.01812   0.08928       102       640      0.51    0.4255    0.4225    0.1889   0.06737   0.04732   0.02056
     18/49     4.55G   0.04309   0.02509   0.01798   0.08617       101       640    0.4087    0.4082    0.4084    0.1881   0.06696   0.04629   0.02064
     19/49     4.55G   0.04319    0.0261   0.01689   0.08619        97       640    0.4127    0.4495    0.4428    0.2117   0.06822   0.04492   0.02122
     20/49     4.55G   0.04193   0.02575   0.01697   0.08465        50       640    0.4732    0.4423    0.4772    0.2454   0.06499   0.04655   0.01987
     21/49     4.55G   0.04047   0.02415   0.01587    0.0805        59       640    0.4526    0.4921    0.4635    0.2177   0.06598   0.04594   0.01936
     22/49     4.55G    0.0408   0.02349   0.01598   0.08027        30       640     0.448     0.575    0.5147    0.2631   0.06094   0.04612   0.01921
     23/49     4.55G   0.04016   0.02329   0.01493   0.07838        24       640    0.4847    0.5587    0.4959    0.2361   0.06153   0.04613   0.01828
     24/49     4.55G   0.03935   0.02389   0.01508   0.07831        93       640    0.4695    0.6006    0.5471    0.2934   0.05821   0.04558   0.01848
     25/49     4.55G    0.0378   0.02553   0.01451   0.07784       139       640    0.5129    0.5596     0.555    0.2994   0.05793   0.04619   0.01802
     26/49     4.55G   0.03789   0.02484   0.01436   0.07709       117       640    0.4975    0.6414    0.5764    0.3189   0.05744   0.04619   0.01813
     27/49     4.55G   0.03665    0.0239   0.01351   0.07407        41       640     0.553    0.6227    0.5946    0.3359   0.05669   0.04624   0.01737
     28/49     4.55G   0.03601   0.02332   0.01368   0.07302        51       640    0.5429    0.7164    0.6297    0.3563   0.05591   0.04591   0.01713
     29/49     4.55G   0.03565   0.02325   0.01251    0.0714        86       640    0.6215    0.6535    0.6413    0.3605   0.05655   0.04551   0.01636
     30/49     4.55G   0.03587   0.02343   0.01268   0.07198        54       640    0.7148    0.6063    0.6581    0.3903   0.05596   0.04571   0.01631
     31/49     4.55G   0.03514   0.02379   0.01187   0.07079        93       640    0.6093    0.6931    0.6714    0.4011    0.0571   0.04544   0.01616
     32/49     4.55G   0.03429   0.02215   0.01149   0.06793       128       640    0.7295    0.6438     0.691    0.3931   0.05604   0.04524   0.01587
     33/49     4.55G   0.03389   0.02229   0.01071   0.06689       144       640    0.7384    0.6289    0.6812    0.3993   0.05529   0.04605   0.01564
     34/49     4.55G   0.03359   0.02093   0.01036   0.06488        45       640    0.7161    0.6858    0.7022    0.3966   0.05458   0.04637   0.01545
     35/49     4.55G    0.0332   0.02249   0.01011   0.06581        31       640    0.6683    0.7532    0.7222    0.4444   0.05391   0.04516   0.01498
     36/49     4.55G   0.03275   0.02281  0.009884   0.06544       118       640    0.7157    0.7144    0.7225    0.4024   0.05451   0.04528   0.01473
     37/49     4.55G   0.03275   0.02302  0.009397   0.06516        51       640    0.7468    0.6953    0.7313    0.4366   0.05408   0.04504    0.0146
     38/49     4.55G   0.03174   0.02194  0.008988   0.06266        69       640    0.7584    0.7063    0.7534    0.4545   0.05351   0.04553   0.01433
     39/49     4.55G   0.03201   0.02255  0.008746    0.0633        54       640    0.7768    0.7004    0.7498    0.4539   0.05336   0.04616   0.01409
     40/49     4.55G   0.03183   0.02261  0.008605   0.06304        93       640    0.7467    0.7321    0.7597     0.457   0.05271   0.04552   0.01404
     41/49     4.55G   0.03162   0.02233  0.008287   0.06223        45       640    0.7733    0.7316    0.7603    0.4548   0.05251   0.04534   0.01409
     42/49     4.55G   0.03106   0.02207  0.008202   0.06133        62       640    0.7491    0.7347    0.7578    0.4643   0.05238    0.0457   0.01383
     43/49     4.55G   0.03112   0.02045  0.007977   0.05955        83       640    0.8098    0.6867    0.7613    0.4601   0.05226   0.04595   0.01373
     44/49     4.55G   0.03141   0.02059  0.008432   0.06044        88       640    0.8214    0.6979    0.7707    0.4625   0.05275   0.04588    0.0136
     45/49     4.55G   0.03069    0.0204  0.008005    0.0591        69       640    0.7813    0.6978    0.7525    0.4622   0.05268   0.04598   0.01352
     46/49     4.55G   0.03002   0.01996  0.007931   0.05792        96       640    0.7321    0.7531    0.7669    0.4781   0.05217   0.04623   0.01346
     47/49     4.55G   0.03075   0.02259  0.007364   0.06071        41       640    0.8381    0.6797    0.7701    0.4733   0.05231   0.04622   0.01343
     48/49     4.55G   0.02977   0.02095  0.007005   0.05772        51       640    0.7731    0.7055    0.7625    0.4612   0.05288   0.04615   0.01321
     49/49     4.55G   0.03053   0.02159  0.006972   0.05909        95       640    0.7331     0.767    0.7719    0.4728   0.05276   0.04585    0.0131
